           0   0.0000000000000000        0.0000000000000000        0.0000000000000000        5.0000000000000000        5.0000000000000000     
           1   1.0000000000000000E-002   5.0000000000000003E-002   4.9509500000000005E-002   5.0000000000000000        4.9019000000000004     
           2   2.0000000000000000E-002  0.10000000000000001        9.8038000000000014E-002   5.0000000000000000        4.8038000000000007     
           3   2.9999999999999999E-002  0.15000000000000002       0.14558550000000003        5.0000000000000000        4.7057000000000011     
           4   4.0000000000000001E-002  0.20000000000000001       0.19215200000000004        5.0000000000000000        4.6076000000000015     
           5   5.0000000000000003E-002  0.25000000000000000       0.23773750000000005        5.0000000000000000        4.5095000000000018     
           6   6.0000000000000005E-002  0.29999999999999999       0.28234200000000009        5.0000000000000000        4.4114000000000022     
           7   7.0000000000000007E-002  0.34999999999999998       0.32596550000000013        5.0000000000000000        4.3133000000000026     
           8   8.0000000000000002E-002  0.39999999999999997       0.36860800000000016        5.0000000000000000        4.2152000000000029     
           9   8.9999999999999997E-002  0.44999999999999996       0.41026950000000018        5.0000000000000000        4.1171000000000033     
          10   9.9999999999999992E-002  0.49999999999999994       0.45095000000000018        5.0000000000000000        4.0190000000000037     
          11  0.10999999999999999       0.54999999999999993       0.49064950000000024        5.0000000000000000        3.9209000000000036     
          12  0.11999999999999998       0.59999999999999998       0.52936800000000028        5.0000000000000000        3.8228000000000035     
          13  0.12999999999999998       0.65000000000000002       0.56710550000000026        5.0000000000000000        3.7247000000000035     
          14  0.13999999999999999       0.70000000000000007       0.60386200000000034        5.0000000000000000        3.6266000000000034     
          15  0.14999999999999999       0.75000000000000011       0.63963750000000041        5.0000000000000000        3.5285000000000033     
          16  0.16000000000000000       0.80000000000000016       0.67443200000000048        5.0000000000000000        3.4304000000000032     
          17  0.17000000000000001       0.85000000000000020       0.70824550000000053        5.0000000000000000        3.3323000000000031     
          18  0.18000000000000002       0.90000000000000024       0.74107800000000057        5.0000000000000000        3.2342000000000031     
          19  0.19000000000000003       0.95000000000000029       0.77292950000000060        5.0000000000000000        3.1361000000000030     
          20  0.20000000000000004        1.0000000000000002       0.80380000000000063        5.0000000000000000        3.0380000000000029     
          21  0.21000000000000005        1.0500000000000003       0.83368950000000064        5.0000000000000000        2.9399000000000028     
          22  0.22000000000000006        1.1000000000000003       0.86259800000000064        5.0000000000000000        2.8418000000000028     
          23  0.23000000000000007        1.1500000000000004       0.89052550000000064        5.0000000000000000        2.7437000000000027     
          24  0.24000000000000007        1.2000000000000004       0.91747200000000062        5.0000000000000000        2.6456000000000026     
          25  0.25000000000000006        1.2500000000000004       0.94343750000000060        5.0000000000000000        2.5475000000000025     
          26  0.26000000000000006        1.3000000000000005       0.96842200000000067        5.0000000000000000        2.4494000000000025     
          27  0.27000000000000007        1.3500000000000005       0.99242550000000074        5.0000000000000000        2.3513000000000024     
          28  0.28000000000000008        1.4000000000000006        1.0154480000000008        5.0000000000000000        2.2532000000000023     
          29  0.29000000000000009        1.4500000000000006        1.0374895000000008        5.0000000000000000        2.1551000000000022     
          30  0.30000000000000010        1.5000000000000007        1.0585500000000008        5.0000000000000000        2.0570000000000022     
          31  0.31000000000000011        1.5500000000000007        1.0786295000000008        5.0000000000000000        1.9589000000000021     
          32  0.32000000000000012        1.6000000000000008        1.0977280000000009        5.0000000000000000        1.8608000000000020     
          33  0.33000000000000013        1.6500000000000008        1.1158455000000009        5.0000000000000000        1.7627000000000019     
          34  0.34000000000000014        1.7000000000000008        1.1329820000000010        5.0000000000000000        1.6646000000000019     
          35  0.35000000000000014        1.7500000000000009        1.1491375000000010        5.0000000000000000        1.5665000000000018     
          36  0.36000000000000015        1.8000000000000009        1.1643120000000011        5.0000000000000000        1.4684000000000017     
          37  0.37000000000000016        1.8500000000000010        1.1785055000000011        5.0000000000000000        1.3703000000000016     
          38  0.38000000000000017        1.9000000000000010        1.1917180000000012        5.0000000000000000        1.2722000000000016     
          39  0.39000000000000018        1.9500000000000011        1.2039495000000011        5.0000000000000000        1.1741000000000015     
          40  0.40000000000000019        2.0000000000000009        1.2152000000000012        5.0000000000000000        1.0760000000000014     
          41  0.41000000000000020        2.0500000000000007        1.2254695000000011        5.0000000000000000       0.97790000000000143     
          42  0.42000000000000021        2.1000000000000005        1.2347580000000011        5.0000000000000000       0.87980000000000147     
          43  0.43000000000000022        2.1500000000000004        1.2430655000000010        5.0000000000000000       0.78170000000000150     
          44  0.44000000000000022        2.2000000000000002        1.2503920000000011        5.0000000000000000       0.68360000000000154     
          45  0.45000000000000023        2.2500000000000000        1.2567375000000012        5.0000000000000000       0.58550000000000157     
          46  0.46000000000000024        2.2999999999999998        1.2621020000000012        5.0000000000000000       0.48740000000000155     
          47  0.47000000000000025        2.3499999999999996        1.2664855000000013        5.0000000000000000       0.38930000000000153     
          48  0.48000000000000026        2.3999999999999995        1.2698880000000012        5.0000000000000000       0.29120000000000151     
          49  0.49000000000000027        2.4499999999999993        1.2723095000000013        5.0000000000000000       0.19310000000000149     
          50  0.50000000000000022        2.4999999999999991        1.2737500000000013        5.0000000000000000        9.5000000000001486E-002
          51  0.51000000000000023        2.5499999999999989        1.2742095000000013        5.0000000000000000       -3.0999999999985206E-003
          52  0.52000000000000024        2.5999999999999988        1.2736880000000013        5.0000000000000000      -0.10119999999999853     
          53  0.53000000000000025        2.6499999999999986        1.2721855000000013        5.0000000000000000      -0.19929999999999853     
          54  0.54000000000000026        2.6999999999999984        1.2697020000000012        5.0000000000000000      -0.29739999999999855     
          55  0.55000000000000027        2.7499999999999982        1.2662375000000012        5.0000000000000000      -0.39549999999999857     
          56  0.56000000000000028        2.7999999999999980        1.2617920000000014        5.0000000000000000      -0.49359999999999860     
          57  0.57000000000000028        2.8499999999999979        1.2563655000000014        5.0000000000000000      -0.59169999999999856     
          58  0.58000000000000029        2.8999999999999977        1.2499580000000015        5.0000000000000000      -0.68979999999999853     
          59  0.59000000000000030        2.9499999999999975        1.2425695000000014        5.0000000000000000      -0.78789999999999849     
          60  0.60000000000000031        2.9999999999999973        1.2342000000000015        5.0000000000000000      -0.88599999999999846     
          61  0.61000000000000032        3.0499999999999972        1.2248495000000015        5.0000000000000000      -0.98409999999999842     
          62  0.62000000000000033        3.0999999999999970        1.2145180000000015        5.0000000000000000       -1.0821999999999985     
          63  0.63000000000000034        3.1499999999999968        1.2032055000000015        5.0000000000000000       -1.1802999999999986     
          64  0.64000000000000035        3.1999999999999966        1.1909120000000015        5.0000000000000000       -1.2783999999999986     
          65  0.65000000000000036        3.2499999999999964        1.1776375000000014        5.0000000000000000       -1.3764999999999987     
          66  0.66000000000000036        3.2999999999999963        1.1633820000000015        5.0000000000000000       -1.4745999999999988     
          67  0.67000000000000037        3.3499999999999961        1.1481455000000014        5.0000000000000000       -1.5726999999999989     
          68  0.68000000000000038        3.3999999999999959        1.1319280000000014        5.0000000000000000       -1.6707999999999990     
          69  0.69000000000000039        3.4499999999999957        1.1147295000000015        5.0000000000000000       -1.7688999999999990     
          70  0.70000000000000040        3.4999999999999956        1.0965500000000015        5.0000000000000000       -1.8669999999999991     
          71  0.71000000000000041        3.5499999999999954        1.0773895000000016        5.0000000000000000       -1.9650999999999992     
          72  0.72000000000000042        3.5999999999999952        1.0572480000000015        5.0000000000000000       -2.0631999999999993     
          73  0.73000000000000043        3.6499999999999950        1.0361255000000016        5.0000000000000000       -2.1612999999999993     
          74  0.74000000000000044        3.6999999999999948        1.0140220000000015        5.0000000000000000       -2.2593999999999994     
          75  0.75000000000000044        3.7499999999999947       0.99093750000000158        5.0000000000000000       -2.3574999999999995     
          76  0.76000000000000045        3.7999999999999945       0.96687200000000162        5.0000000000000000       -2.4555999999999996     
          77  0.77000000000000046        3.8499999999999943       0.94182550000000165        5.0000000000000000       -2.5536999999999996     
          78  0.78000000000000047        3.8999999999999941       0.91579800000000167        5.0000000000000000       -2.6517999999999997     
          79  0.79000000000000048        3.9499999999999940       0.88878950000000168        5.0000000000000000       -2.7498999999999998     
          80  0.80000000000000049        3.9999999999999938       0.86080000000000167        5.0000000000000000       -2.8479999999999999     
          81  0.81000000000000050        4.0499999999999936       0.83182950000000166        5.0000000000000000       -2.9460999999999999     
          82  0.82000000000000051        4.0999999999999934       0.80187800000000165        5.0000000000000000       -3.0442000000000000     
          83  0.83000000000000052        4.1499999999999932       0.77094550000000162        5.0000000000000000       -3.1423000000000001     
          84  0.84000000000000052        4.1999999999999931       0.73903200000000158        5.0000000000000000       -3.2404000000000002     
          85  0.85000000000000053        4.2499999999999929       0.70613750000000153        5.0000000000000000       -3.3385000000000002     
          86  0.86000000000000054        4.2999999999999927       0.67226200000000147        5.0000000000000000       -3.4366000000000003     
          87  0.87000000000000055        4.3499999999999925       0.63740550000000151        5.0000000000000000       -3.5347000000000004     
          88  0.88000000000000056        4.3999999999999924       0.60156800000000155        5.0000000000000000       -3.6328000000000005     
          89  0.89000000000000057        4.4499999999999922       0.56474950000000157        5.0000000000000000       -3.7309000000000005     
          90  0.90000000000000058        4.4999999999999920       0.52695000000000158        5.0000000000000000       -3.8290000000000006     
          91  0.91000000000000059        4.5499999999999918       0.48816950000000159        5.0000000000000000       -3.9271000000000007     
          92  0.92000000000000060        4.5999999999999917       0.44840800000000158        5.0000000000000000       -4.0252000000000008     
          93  0.93000000000000060        4.6499999999999915       0.40766550000000157        5.0000000000000000       -4.1233000000000004     
          94  0.94000000000000061        4.6999999999999913       0.36594200000000154        5.0000000000000000       -4.2214000000000000     
          95  0.95000000000000062        4.7499999999999911       0.32323750000000151        5.0000000000000000       -4.3194999999999997     
          96  0.96000000000000063        4.7999999999999909       0.27955200000000152        5.0000000000000000       -4.4175999999999993     
          97  0.97000000000000064        4.8499999999999908       0.23488550000000152        5.0000000000000000       -4.5156999999999989     
          98  0.98000000000000065        4.8999999999999906       0.18923800000000152        5.0000000000000000       -4.6137999999999986     
          99  0.99000000000000066        4.9499999999999904       0.14260950000000153        5.0000000000000000       -4.7118999999999982     
         100   1.0000000000000007        4.9999999999999902        9.5000000000001542E-002   5.0000000000000000       -4.8099999999999978     
         101   1.0100000000000007        5.0499999999999901        4.6409500000001561E-002   5.0000000000000000       -4.9080999999999975     
